%YAML:1.0
---
CameraExtrinsicMat: !!opencv-matrix
   rows: 4
   cols: 4
   dt: d
   data: [ 8.0257565117887619e-02, 3.1970711377028949e-02,
       9.9626130952446168e-01, 2.3927704989910126e-01,
       -9.9617804343594507e-01, 3.7134208835095051e-02,
       7.9059194976451030e-02, -1.8136182427406311e-01,
       -3.4467796817914120e-02, -9.9879874056200069e-01,
       3.4828821890508066e-02, -1.0104498863220215e+00, 0., 0., 0., 1. ]
CameraMat: !!opencv-matrix
   rows: 3
   cols: 3
   dt: d
   data: [ 3.6193588150000000e+03, 0., 1.0460320190000000e+03, 0.,
       3.6176787250000002e+03, 7.7111632999999995e+02, 0., 0., 1. ]
DistCoeff: !!opencv-matrix
   rows: 1
   cols: 5
   dt: d
   data: [ -2.7161200000000002e-01, 2.1406000000000000e-01,
       3.3800000000000002e-03, 3.0500000000000002e-03, 0. ]
ImageSize: [ 1920, 1440 ]
ReprojectionError: 0
DistModel: plumb_bob
